80 69 91 47 74 75 94 22 43 50 82 47 40 51 90 27 98 85 47 14 55 82 52 9 65
90 86 45 52 52 95 40 85 3 46 77 16 59 32 22 41 87 89 78 59 78 34 26 71 9
82 68 80 74 6 10 53 84 80 7 87 3 82 26 26 14 37 26 58 96 73 41 2 79 43
56 74 30 71 6 72 93 83 40 28 79 24 68 68 68 24 85 7 96 64 91 95 75 59 4
67 63 70 97 84 94 46 95 72 73 83 33 34 9 91 17 8 22 41 11 25 57 70 33 7
71 20 55 45 78 92 6 56 37 95 20 8 82 60 45 49 9 27 46 85 87 83 77 34 92
28 25 18 62 51 79 55 71 33 21 29 92 43 51 80 25 98 80 54 21 92 61 80 90 81
42 6 4 70 77 25 83 56 40 98 70 41 52 46 29 40 57 75 49 82 49 19 80 36 98
96 31 50 91 11 59 89 1 44 11 36 63 68 77 50 18 5 65 75 49 26 82 57 15 86
32 39 7 63 92 28 46 69 43 36 75 14 88 87 20 65 99 76 86 83 6 83 72 64 38
3 20 19 60 11 84 94 79 63 59 95 93 3 23 25 21 31 97 29 83 6 91 81 57 60
92 52 87 40 97 41 4 89 55 46 81 14 22 11 92 2 39 81 85 25 21 88 26 14 11
21 71 83 52 74 77 32 8 56 30 88 54 43 71 60 61 96 25 10 10 9 84 85 18 47
35 75 49 4 1 87 32 8 70 71 15 84 51 36 67 72 37 20 89 1 54 39 63 48 5
99 86 42 2 97 78 8 12 98 7 98 48 56 80 54 51 61 23 2 64 87 24 25 10 55
25 12 71 82 67 21 54 29 78 11 29 65 24 56 3 55 67 70 97 40 14 92 82 42 37
7 91 63 47 42 4 47 75 76 43 90 28 14 69 4 90 8 52 89 68 51 5 52 1 83
6 87 79 56 93 59 11 42 77 68 79 58 72 66 28 12 59 75 87 99 47 96 48 5 19
19 14 30 80 53 21 18 26 85 34 50 62 44 9 48 80 28 21 77 61 35 70 11 87 36
62 33 20 94 14 98 27 19 91 90 21 20 6 85 1 8 31 46 16 40 26 85 9 94 66
55 80 68 74 49 94 52 12 26 24 92 47 92 28 90 68 85 8 93 32 13 38 72 41 37
42 38 6 33 54 42 44 89 12 83 70 98 76 35 69 36 5 42 7 18 55 64 64 83 73
44 22 77 49 67 85 3 57 10 75 25 89 69 50 95 40 27 68 63 87 79 80 53 73 58
92 76 17 51 49 96 50 23 10 34 43 17 33 83 73 35 92 68 33 14 13 80 24 17 45
87 53 17 66 16 84 20 65 50 90 45 86 56 71 3 39 12 50 93 50 80 66 59 99 4
